ZMM0 :=       17       16       15       14 
              13       12       11       10 
               9        8        7        6 
               5        4        3        2    (floats)
ZMM1 :=       20       19       18       17 
              16       15       14       13 
              12       11       10        9 
               8        7        6        5    (floats)
ZMM2 :=       21       20       19       18 
              17       16       15       14 
              13       12       11       10 
               9        8        7        6    (floats)
ZMM3 :=       22       21       20       19 
              18       17       16       15 
              14       13       12       11 
              10        9        8        7    (floats)
ZMM4 :=       23       22       21       20 
              19       18       17       16 
              15       14       13       12 
              11       10        9        8    (floats)
Read 41200000_41100000_41000000_40e00000 = 5.0f 4.0f 3.0f 2.0f
AVX512EVEX v4fmaddps zmm0, zmm1, xmmword ptr [rsi]
ZMM0 :=      705      670      635      600 
             565      530      495      460 
             425      390      355      320 
             285      250      215      180    (floats)

